layout_spectrum: 0.2085907
typography_spectrum: 0.04268447
color:
  lightness: 0.05889886
  brandStrength: 0.3052368
  saturation: 0.8171609
  rhythmicContrast: 0.2283052
name: h2
