layout_spectrum: 1
typography_spectrum: 1
color:
  lightness: 0.7085106
  brandStrength: 0.3052368
  saturation: 0.7404255
  rhythmicContrast: 0.3489362
name: h2
